@Scatterer_ocean:FOR[KcalbelohSystem]
{
	Ocean
	{
		name = Rouqea
		AMP = 1.20000005
		m_windSpeed = 20
		m_omega = 0.74000001
		m_gravity = 9.81000042
		maxWaveInteractionShipAltitude = 500
		m_whiteCapStr = 0.35
		shoreFoam = 0.0500000007
		m_farWhiteCapStr = 0.0199999996
		m_oceanUpwellingColor = 0.0299999993,0.0599999987,0.0799999982
		m_UnderwaterColor = 0.300000012,0.600000024,0.800000012
		offScreenVertexStretch = 3.25
		alphaRadius = 1000
		transparencyDepth = 500
		darknessDepth = 2000
		refractionIndex = 1.33000004
		skyReflectionStrength = 1
		causticsTexturePath = scatterer/config/Planets/Caustics.png
		causticsLayer1Scale = 0.200000003,0.200000003
		causticsLayer1Speed = 0.0612000003,-0.151199996
		causticsLayer2Scale = 0.277099997,0.267100006
		causticsLayer2Speed = -0.0748699978,0.174869999
		causticsMultiply = 1
		causticsUnderwaterLightBoost = 2
		causticsMinBrightness = 0.5
		causticsBlurDepth = 200
		lightRaysStrength = 1
	}
}
